1808 12 29
1800 01 07
1872 07 04
1758 04 28
1784 11 24
1882 01 30
1865 11 02
1831 11 19
1732 02 22
1913 01 09
1874 08 10
1833 08 20
1767 07 11
1743 04 13
1829 10 05
1822 10 04
1791 04 23
1946 08 19
1924 06 12
1961 08 04
1924 10 01
1908 08 27
1735 10 30
1804 11 23
1856 12 28
1946 07 06
1857 09 15
1837 03 18
1822 04 27
1782 12 05
1858 10 27
1751 03 16
1911 02 06
1884 05 08
1790 03 29
1809 02 12
1917 05 29
1890 10 14
1946 06 14
1795 11 02
1913 07 14
1843 01 29
1773 02 09
1767 03 15